
sans les données INSEE, sur echantillon de 50 000

> res_calibre
  nodedepth nodesize ntree   R2_train     R2_OOB Gini_train  Gini_OOB
1         2        5   100 0.01873976 0.01791995  0.2574280 0.2478200
2         3        5   100 0.02113740 0.01936214  0.2694249 0.2531913
3         4        5   100 0.02390046 0.02024404  0.2848144 0.2590331
4         5        5   100 0.02846528 0.02045074  0.3045255 0.2588518
5         6        5   100 0.03619045 0.02032550  0.3366435 0.2590793
6         7        5   100 0.04696124 0.01934875  0.3790185 0.2534116
7         8        5   100 0.06312877 0.01814989  0.4408120 0.2485413
8         9        5   100 0.08160655 0.01699800  0.5054167 0.2436018


avec données insee, toujours sur 50 000 obs

> res_calibre
  nodedepth nodesize ntree   R2_train     R2_OOB Gini_train  Gini_OOB
1         2        5   100 0.01802964 0.01715076  0.2514229 0.2404975
2         3        5   100 0.02051649 0.01865019  0.2617531 0.2457541
3         4        5   100 0.02376547 0.01963594  0.2766441 0.2506393
4         5        5   100 0.02884616 0.01991299  0.3001847 0.2525091
5         6        5   100 0.03595700 0.02021182  0.3317155 0.2526160
6         7        5   100 0.04739580 0.01933794  0.3790535 0.2504940
7         8        5   100 0.06170434 0.01852724  0.4335048 0.2476308
8         9        5   100 0.08242712 0.01862392  0.5120607 0.2492560

(en fait on s'aperçoit que d'un selected lines à l'autres le score OOB bouge pas mal, donc voyons ce qui se passe si l'on garde le même selected lignes)

############# 2e experience : je garde les memes selected_lines

1) sans les données INSEE

> res_calibre
  nodedepth nodesize ntree   R2_train     R2_OOB Gini_train  Gini_OOB
1         2        5   100 0.01936060 0.01819358  0.2590162 0.2471294
2         3        5   100 0.02189519 0.02003175  0.2692345 0.2548644
3         4        5   100 0.02449311 0.02035238  0.2817636 0.2558355
4         5        5   100 0.02936919 0.02093291  0.3055623 0.2604586
5         6        5   100 0.03641611 0.02121891  0.3365145 0.2601314
6         7        5   100 0.04672876 0.01996143  0.3778182 0.2569266
7         8        5   100 0.06103898 0.01952691  0.4336153 0.2556246
8         9        5   100 0.07946241 0.01801766  0.4988939 0.2492101

> res_calibre
  nodedepth nodesize ntree   R2_train     R2_OOB Gini_train  Gini_OOB
1         2        5   100 0.01929284 0.01836503  0.2575472 0.2478638
2         3        5   100 0.02194379 0.02011447  0.2695077 0.2562461
3         4        5   100 0.02463534 0.02054972  0.2825632 0.2576024
4         5        5   100 0.02935193 0.02088900  0.3059535 0.2602014
5         6        5   100 0.03611722 0.02052073  0.3369465 0.2590350
6         7        5   100 0.04683151 0.02059375  0.3779431 0.2603454
7         8        5   100 0.06126836 0.01944283  0.4360985 0.2539541
8         9        5   100 0.07936970 0.01866409  0.5022594 0.2504648

2) avec 12 variables INSEE faite maison^^

> res_calibre
  nodedepth nodesize ntree   R2_train     R2_OOB Gini_train  Gini_OOB
1         2        5   100 0.01941334 0.01837607  0.2603644 0.2500340
2         3        5   100 0.02231927 0.01985713  0.2736474 0.2550498
3         4        5   100 0.02620467 0.02043468  0.2941815 0.2595686
4         5        5   100 0.03245297 0.02086113  0.3238741 0.2611742
5         6        5   100 0.04172347 0.02106894  0.3624258 0.2628521
6         7        5   100 0.05508213 0.02100120  0.4132609 0.2639809
7         8        5   100 0.07180160 0.02054619  0.4697001 0.2637550
8         9        5   100 0.09196587 0.01879198  0.5333928 0.2568658

> res_calibre
  nodedepth nodesize ntree   R2_train     R2_OOB Gini_train  Gini_OOB
1         2        5   100 0.01933085 0.01830792  0.2595435 0.2489046
2         3        5   100 0.02213505 0.01983366  0.2727069 0.2545139
3         4        5   100 0.02615038 0.02055844  0.2924441 0.2604745
4         5        5   100 0.03260177 0.02100719  0.3242224 0.2620102
5         6        5   100 0.04189927 0.02079609  0.3639097 0.2609058
6         7        5   100 0.05505295 0.02006546  0.4135257 0.2613492
7         8        5   100 0.07273259 0.02095112  0.4683173 0.2628274
8         9        5   100 0.09205175 0.01925864  0.5361154 0.2586748